ans =

      -4.7978      -4.8013      -4.8039       -5.134
      -1.2994      -1.2987      -1.2991      -1.3584
       0.1868      0.18489      0.18616      0.34961
       0.1667      0.16655      0.16648      0.15739
       0.9458      0.94646      0.94649      0.95137


ans =

            0    -0.003529   -0.0060986     -0.33619
            0   0.00072608   0.00026496    -0.058971
            0    -0.001913   -0.0006406      0.16281
            0  -0.00014667  -0.00021742   -0.0093062
            0   0.00065511   0.00069307    0.0055694


ans =

            0  -0.00084148   -0.0011997    -0.047219

Elapsed time is 395.440368 seconds.
>> 

diagcovbsim =

       14.019     0.057397      0.31455    0.0063484      0.17265
diagcovbstsim =

       13.038     0.025936     0.076589     0.005607      0.17242
diagcovbstsim2 =

       13.038     0.025936     0.076589     0.005607      0.17242



mean(s2sim) mean(s2stsim) mean(s2stsim2)]

ans =

    0.0082785    0.0045337    0.0047025